id,postcode,latitude,longitude
1348836,DD11AA,56.462234197658500,-2.973542176697680
1348837,DD11AD,56.462183326938900,-2.977727839377440
1348838,DD11AR,56.459387944817600,-2.967562591125300
1348839,DD11BA,56.461673186822700,-2.976335320300450
1348840,DD11DA,56.462615618511500,-2.970728140168700
1348841,DD11DB,56.463892453427500,-2.969446153114960
1348842,DD11DD,56.462069419088300,-2.971639226441150
1348843,DD11DH,56.461749343136700,-2.971209114271590
1348844,DD11DJ,56.462630436354700,-2.969981996913790
1348845,DD11DQ,56.461965461737000,-2.969997498542690
1348846,DD11DU,56.463158105292700,-2.971439828379260
1348847,DD11DZ,56.463158105292700,-2.971439828379260
1348848,DD11ED,56.463235933334800,-2.970679053577880
1348849,DD11EF,56.464038664923100,-2.971429857185670
1348850,DD11EJ,56.464038664923100,-2.971429857185670
1348851,DD11EL,56.464038664923100,-2.971429857185670
1348852,DD11EN,56.464464534246500,-2.970970077226380
1348853,DD11EQ,56.463491508854700,-2.970166244191470
1348854,DD11ER,56.464595875248600,-2.970259329005100
1348855,DD11EX,56.462480301360800,-2.975382314483830
1348925,DD11HF,56.463597964533900,-2.972635788529160
1348926,DD11HG,56.463153050210800,-2.974377139814330
1348927,DD11HN,56.463783338325500,-2.971910213411180
1348928,DD11HP,56.463645838119300,-2.971111471426730
1348929,DD11HT,56.461092628877700,-2.975898490930360
1348930,DD11HU,56.462938284279500,-2.973122016337470
1348931,DD11HX,56.463979896551000,-2.973197350606830
1348932,DD11JB,56.464444266126300,-2.974702345746230
1348933,DD11JF,56.462234197658500,-2.973542176697680
1348934,DD11JG,56.463917189515600,-2.972027238257830
1348935,DD11JN,56.464504114707100,-2.971652727667630
1348936,DD11JQ,56.463783338325500,-2.971910213411180
1348937,DD11JR,56.464813336574000,-2.971173736712270
1348938,DD11JS,56.465127058850300,-2.972415210899750
1348939,DD11JT,56.464652779335700,-2.974464244779920
1348940,DD11JU,56.464967106381200,-2.975624608170300
1348941,DD11JZ,56.464486685797700,-2.976164090120230
1348942,DD11LA,56.464376979018300,-2.976404717009460
1348943,DD11LB,56.463976841124200,-2.975875108195240
1348944,DD11LD,56.464327852146500,-2.976939028215180
1348945,DD11LE,56.464284293792200,-2.975623324716100
1348946,DD11LF,56.463431575034700,-2.975520309369420
1348947,DD11LH,56.462451762404500,-2.974440320594090
1348948,DD11LL,56.462304216673700,-2.974923399038850
1348949,DD11LN,56.462177170712800,-2.972794204583000
1348950,DD11LP,56.461983133025100,-2.974623058247660
1348951,DD11LR,56.461983133025100,-2.974623058247660
1348952,DD11LU,56.461788123251600,-2.975429480974530
1348953,DD11LW,56.462126236212600,-2.971267421831370
1348954,DD11LX,56.461557250250100,-2.975082767501850
1348955,DD11LY,56.462146921272400,-2.975503594959420
1348956,DD11LZ,56.462171701183200,-2.975780115561830
1348957,DD11NA,56.461930316181000,-2.975627868128940
1348958,DD11ND,56.461673186822700,-2.976335320300450
1348959,DD11NE,56.461500294217100,-2.975470785719270
1348960,DD11NG,56.461688383913400,-2.977828717261410
1348961,DD11NH,56.461571313381100,-2.976722184655930
1348962,DD11NJ,56.460552984258500,-2.978253914519810
1348963,DD11NP,56.458868158524000,-2.976571653483930
1348964,DD11NQ,56.458995491340800,-2.977516098727790
1348965,DD11NR,56.458191725504900,-2.975759176068800
1348966,DD11NT,56.461571313381100,-2.976722184655930
1348967,DD11NU,56.457916832123100,-2.975297778007030
1348968,DD11PA,56.457769410711200,-2.975764572333480
1348969,DD11PB,56.457666518242000,-2.976281185437920
1348970,DD11PD,56.458454315828400,-2.976642166024220
1348971,DD11PE,56.458342947908200,-2.977093660774640
1348972,DD11PF,56.459129976288400,-2.977552008506350
1348973,DD11PG,56.461527562757600,-2.974286821680270
1348974,DD11PH,56.460912212302100,-2.973703082750460
1348975,DD11PJ,56.461199702310200,-2.977134575242470
1348976,DD11PN,56.461094482200600,-2.974519151715850
1348977,DD11PQ,56.461341600059800,-2.973941267323910
1348978,DD11PS,56.461023368686000,-2.976708116821420
1348979,DD11PT,56.458828477172300,-2.975905323239320
1348980,DD11PU,56.460748351479300,-2.976262902040510
1348981,DD11PW,56.460923998409800,-2.975634517093440
1348982,DD11PX,56.459840332783000,-2.976336966969990
1348983,DD11QA,56.459960495237900,-2.974765973783930
1348984,DD11QB,56.461380330491700,-2.975873414760300
1348985,DD11QN,56.458381704338000,-2.974449667515740
1348986,DD11QP,56.460326336492600,-2.977371787780230
1348987,DD11QR,56.458777386967900,-2.975547016740150
1348988,DD11RG,56.460854118022400,-2.970796788985920
1348989,DD11RH,56.461103095511300,-2.971127703907350
1348990,DD11RJ,56.461255166889100,-2.971212726520200
1348991,DD11RL,56.461267035757800,-2.971991980546100
1348992,DD11RP,56.460928192516900,-2.972810951482800
1348993,DD11RQ,56.463664148678800,-2.972215522356710
1348994,DD11RT,56.461583844523900,-2.971691737625220
1348995,DD11RW,56.460837347990300,-2.972938452241820
1348996,DD11RX,56.461832565417100,-2.972055115057970
1348997,DD11SA,56.460887155212700,-2.970018688884490
1348998,DD11SB,56.461174982600600,-2.969977343494510
1348999,DD11SD,56.461178658884800,-2.969506822177670
1349000,DD11SG,56.461045546496700,-2.970444656755310
1349001,DD11SH,56.461410792588700,-2.970843450781730
1349002,DD11SL,56.461651168058300,-2.971125466368190
1349003,DD11SP,56.461802350639700,-2.971324066149130
1349004,DD11SS,56.460650072380200,-2.969314845109210
1349005,DD11SW,56.461651168058300,-2.971125466368190
1349006,DD11SX,56.461023050864300,-2.968723910838920
1349007,DD11SZ,56.460167776856700,-2.970097713067880
1349008,DD11TA,56.459985839500000,-2.970385170664580
1349009,DD11TD,56.460930443479800,-2.967926380900250
1349010,DD11TF,56.461802350639700,-2.971324066149130
1349011,DD11TJ,56.461904172961100,-2.972089401605830
1349012,DD11TU,56.460060465718000,-2.971182227979490
1349013,DD11UE,56.459090446670500,-2.974581410404310
1349014,DD11UF,56.460028903974000,-2.972917777544400
1349015,DD11UG,56.459955515948900,-2.973110631888700
1349016,DD11UH,56.460312235682300,-2.971156199535770
1349017,DD11UL,56.460756450203600,-2.970648245380250
1349018,DD11UQ,56.460312235682300,-2.971156199535770
1349019,DD11UR,56.461770575883100,-2.971939932580640
1349021,DD11XA,56.462204063141300,-2.970506667271900
1349022,DD11XB,56.462204063141300,-2.970506667271900
1349066,DD12AA,56.461682334546100,-2.968286305979620
1349067,DD12AB,56.462123491805600,-2.969319930663370
1349068,DD12AD,56.465530601985400,-2.969065925008860
1349069,DD12AF,56.462398280416100,-2.969797562531700
1349070,DD12AJ,56.462133343159100,-2.970358806479340
1349071,DD12AP,56.461912199422500,-2.969914998375630
1349072,DD12AT,56.461374390023500,-2.968603031776920
1349073,DD12AZ,56.462376781729900,-2.969099183993140
1349074,DD12BB,56.463079587157200,-2.968841196601000
1349075,DD12BE,56.463175990250600,-2.969152002016950
1349076,DD12BG,56.463128035397500,-2.969540274740750
1349077,DD12BW,56.463378664176200,-2.969660265873420
1349078,DD12DB,56.463892453427500,-2.969446153114960
1349079,DD12EA,56.463048973851400,-2.968158803100640
1349080,DD12EE,56.462148043540900,-2.968476673362540
1349081,DD12EG,56.461543166437800,-2.967698546533360
1349082,DD12EH,56.462238756754900,-2.967213155562520
1349083,DD12EJ,56.462071755427700,-2.967890505822760
1349084,DD12EN,56.463044546067900,-2.967574450101160
1349085,DD12EQ,56.461908674499100,-2.968064869183080
1349086,DD12ER,56.462962683350600,-2.966549949659710
1349087,DD12ET,56.463284545007900,-2.966752875656680
1349088,DD12EU,56.463355016474600,-2.966933185923280
1349089,DD12EW,56.463044546067900,-2.967574450101160
1349090,DD12EX,56.463830089450100,-2.967075095693580
1349091,DD12EY,56.463584891708300,-2.966257405820670
1349092,DD12HB,56.463584891708300,-2.966257405820670
1349093,DD12HF,56.464034386960700,-2.965067854330530
1349094,DD12HP,56.463607756427800,-2.964472781973320
1349095,DD12HQ,56.464034386960700,-2.965067854330530
1349096,DD12HR,56.463427369932100,-2.965717845714800
1349097,DD12HS,56.463416505932200,-2.968265531471960
1349098,DD12HW,56.463656607762000,-2.965123186679620
1349099,DD12JA,56.465021322351800,-2.964086650449630
1349100,DD12JB,56.465508437117800,-2.964991643630870
1349101,DD12JD,56.464488103451500,-2.966799693457820
1349102,DD12JE,56.465012494713000,-2.965222507877350
1349103,DD12JF,56.463964577423900,-2.967110973358410
1349104,DD12JJ,56.464296042580300,-2.966080717152480
1349105,DD12JU,56.465124416337100,-2.963537451001630
1349106,DD12JY,56.465498667185400,-2.963936449798680
1349107,DD12LA,56.465684700988400,-2.966586657370930
1349108,DD12LB,56.465677090143000,-2.965255602583850
1349109,DD12NB,56.466357101346000,-2.964461344249780
1349110,DD12ND,56.467533964309600,-2.964474955839640
1349111,DD12NF,56.468326109670200,-2.965436450087860
1349112,DD12NH,56.468780567134800,-2.965918695149770
1349113,DD12NJ,56.468357369096400,-2.966037796504270
1349114,DD12NL,56.467403160937700,-2.965120868973350
1349115,DD12NN,56.466622673375000,-2.964971221275080
1349116,DD12NP,56.466559688553900,-2.966138211610300
1349117,DD12NS,56.466174832262300,-2.967102249864640
1349118,DD12NU,56.465370798123500,-2.969970727728810
1349119,DD12NX,56.466121940665500,-2.969275753305740
1349120,DD12NY,56.465741890387000,-2.968470796169850
1349121,DD12PA,56.465890043868000,-2.967906514469900
1349122,DD12PB,56.466249345760900,-2.969068006506220
1349123,DD12PD,56.466273389756300,-2.968289565824460
1349124,DD12PE,56.466415708673000,-2.969624076563490
1348625,DD12PF,56.466857635982900,-2.969408115130180
1348626,DD12PH,56.467558794350100,-2.969361062757180
1348627,DD12PJ,56.466915333293600,-2.968922669138140
1348628,DD12PL,56.466385485051400,-2.967740588483970
1348629,DD12PN,56.466822472935900,-2.967005103482030
1348630,DD12PP,56.466550336160800,-2.967339022978870
1348631,DD12PQ,56.467137445045900,-2.971541461666840
1348632,DD12PR,56.467062602629400,-2.968471963592960
1348633,DD12PS,56.467543496195600,-2.967867437590800
1348634,DD12PU,56.467839412455400,-2.969092288746730
1348635,DD12PX,56.467953030910000,-2.967196157668490
1348636,DD12PY,56.467617129164000,-2.967642079484840
1348637,DD12QA,56.466914307847700,-2.965595380845810
1348638,DD12QB,56.466959994416800,-2.966651527386740
1348639,DD12QD,56.467332211895600,-2.967310216323620
1348640,DD12QE,56.467392308279400,-2.967668821259080
1348641,DD12QF,56.467893929330100,-2.965555327402560
1348642,DD12QH,56.468081064612800,-2.966907254783670
1348643,DD12QN,56.467141245791900,-2.964140384595190
1348644,DD12QQ,56.468281212117800,-2.966587720495040
1348645,DD12QW,56.467379836780100,-2.963497203093800
1348646,DD12SH,56.464086281928800,-2.966481123327040
1348647,DD13AA,56.460430950963900,-2.968611467475480
1348648,DD13AD,56.460432343651200,-2.968432997302700
1348725,DD13AF,56.460863514351200,-2.968443973033250
1348726,DD13AH,56.459710686908900,-2.968804087189910
1348727,DD13AJ,56.459939550400100,-2.969410335388240
1348728,DD13AL,56.461349704387700,-2.957891813675980
1348729,DD13AN,56.459683612094300,-2.968819625213730
1348730,DD13AP,56.459878554258400,-2.970317524030670
1348731,DD13AQ,56.460545071991900,-2.967802981401520
1348732,DD13AR,56.459657536985500,-2.969857518383210
1348733,DD13AS,56.459657536985500,-2.969857518383210
1348734,DD13AT,56.459657536985500,-2.969857518383210
1348735,DD13AU,56.460638313874900,-2.958101091837770
1348736,DD13AW,56.460909887291300,-2.959000469524790
1348737,DD13AX,56.461273991866800,-2.957224554253290
1348738,DD13AY,56.461066980475300,-2.958436448226620
1348739,DD13BA,56.460517485353700,-2.969035594004320
1348740,DD13BB,56.459701450894000,-2.968836306947760
1348741,DD13BD,56.459939550400100,-2.969410335388240
1348742,DD13BF,56.462252644921300,-2.953808729596020
1348743,DD13BG,56.460517485353700,-2.969035594004320
1348744,DD13BH,56.460101582880600,-2.961284417618820
1348745,DD13BJ,56.459755401533800,-2.960740163814530
1348746,DD13BN,56.461509072980800,-2.954698866886600
1348747,DD13BP,56.460585896940100,-2.961394022038830
1348748,DD13BQ,56.461774672367600,-2.956377050558780
1348749,DD13BR,56.461837068574000,-2.954106648907400
1348750,DD13BS,56.459939550400100,-2.969410335388240
1348751,DD13BU,56.461750983390000,-2.954786079368090
1348752,DD13BW,56.461567832619100,-2.955235873528250
1348753,DD13BX,56.461291228769300,-2.956153931446990
1348754,DD13BY,56.459939550400100,-2.969410335388240
1348755,DD13BZ,56.460204468576900,-2.970001282522040
1348756,DD13DA,56.461050878696000,-2.966306640503220
1348757,DD13DB,56.459710686908900,-2.968804087189910
1348758,DD13DD,56.461182966427700,-2.966650785666220
1348759,DD13DE,56.460836945920300,-2.967242427972240
1348760,DD13DF,56.461117279775700,-2.957739908960170
1348761,DD13DG,56.461339346299300,-2.967336342250740
1348762,DD13DH,56.460150391092900,-2.960782593698140
1348763,DD13DJ,56.460524573273800,-2.966974841025210
1348764,DD13DL,56.460856681343300,-2.967015738252140
1348765,DD13DN,56.460235735425800,-2.967146004362200
1348766,DD13DP,56.460436768219000,-2.966712964751250
1348767,DD13DR,56.460718644068200,-2.966281973928730
1348768,DD13DU,56.461538828121000,-2.964793579024790
1348769,DD13DY,56.461903227137200,-2.966458118016890
1348770,DD13DZ,56.462004573712000,-2.967288343771530
1348771,DD13EH,56.460771656176100,-2.966396915864320
1348772,DD13EJ,56.461023812761000,-2.967474371463030
1348773,DD13EN,56.462326299604100,-2.966355266120510
1348774,DD13ET,56.462641307157300,-2.965129885348300
1348775,DD13EU,56.462351714693500,-2.965398424429940
1348776,DD13EW,56.462467101800800,-2.965579867779060
1348777,DD13EY,56.462267655805500,-2.963497549747470
1348778,DD13HB,56.462249519179500,-2.962361091949790
1348779,DD13HE,56.463375680255900,-2.963119888308380
1348780,DD13HW,56.461419625343600,-2.963946689676820
1348781,DD13JA,56.462308886493000,-2.960496308041770
1348782,DD13JB,56.459398971356100,-2.962678442931000
1348783,DD13JL,56.462640304530600,-2.961786744233970
1348784,DD13JN,56.463229394076600,-2.959967765449350
1348785,DD13JP,56.460797383526300,-2.963087071010630
1348786,DD13JS,56.464728005553200,-2.960200340679050
1348787,DD13JX,56.465746036236300,-2.951672815045110
1348788,DD13JZ,56.465453460924900,-2.951162368190050
1348789,DD13LA,56.466639647174300,-2.949958520930910
1348790,DD13LG,56.464386793880200,-2.953180605439440
1348791,DD13LH,56.466964782582100,-2.943847731208280
1348792,DD13LJ,56.462628395819800,-2.951675963434480
1348793,DD13LQ,56.465127027398900,-2.946853321410210
1348794,DD13LR,56.465677798912900,-2.942955606944280
1348795,DD13LU,56.466032076917100,-2.941260226735880
1348796,DD13LW,56.465739079606500,-2.939613746528610
1348799,DD13ND,56.464693435780100,-2.951857464460690
1348800,DD13NH,56.466639647174300,-2.949958520930910
1348803,DD13RA,56.459387944817600,-2.967562591125300
1348804,DD13RB,56.459387944817600,-2.967562591125300
1348805,DD13RD,56.459426784910900,-2.968342491911210
1348806,DD13RE,56.459387944817600,-2.967562591125300
1348807,DD13RF,56.459387944817600,-2.967562591125300
1348808,DD13RJ,56.459387944817600,-2.967562591125300
1348809,DD13RL,56.459387944817600,-2.967562591125300
1348810,DD13RN,56.459387944817600,-2.967562591125300
1348811,DD13RQ,56.459387944817600,-2.967562591125300
1348812,DD13RR,56.459387944817600,-2.967562591125300
1348813,DD13RS,56.459387944817600,-2.967562591125300
1348814,DD13RT,56.459387944817600,-2.967562591125300
1348815,DD13RZ,56.459387944817600,-2.967562591125300
1348822,DD14AA,56.459266714553100,-2.970431738126880
1348823,DD14AF,56.459664871369400,-2.970068662331150
1348824,DD14AG,56.459496712434900,-2.970891971565820
1348856,DD14AR,56.459169553576100,-2.970218305635970
1348857,DD14AU,56.459222706516900,-2.969164888480910
1348858,DD14AY,56.458887558092200,-2.969513348017120
1348859,DD14BB,56.458944731905500,-2.970245026807490
1348860,DD14BE,56.459041512257800,-2.970507129976520
1348861,DD14BG,56.458989871831800,-2.971365852930710
1348862,DD14BH,56.459271382949500,-2.970983585184020
1348863,DD14BJ,56.458489378703900,-2.971028535834910
1348864,DD14BN,56.458989871831800,-2.971365852930710
1348865,DD14BS,56.458849702867300,-2.970907915087810
1348866,DD14BT,56.459169950301600,-2.969017499379200
1348867,DD14BU,56.458288203960300,-2.971477754070110
1348868,DD14BW,56.459220755466500,-2.971712520404920
1348870,DD14BY,56.457530913357300,-2.969511232335670
1348871,DD14BZ,56.457410715388100,-2.969946285059130
1348874,DD14DE,56.458626804614700,-2.966082803698160
1348875,DD14DF,56.457606323725300,-2.966754635466230
1348876,DD14DG,56.459416553234100,-2.973096846659750
1348877,DD14DH,56.457983025106200,-2.974877579191210
1348878,DD14DP,56.457308230836900,-2.976142180558100
1348879,DD14DT,56.456950198403200,-2.975970732249350
1348880,DD14DU,56.456950198403200,-2.975970732249350
1348881,DD14DW,56.457499674374300,-2.975790107992910
1348882,DD14DY,56.457234146227000,-2.975280278916360
1348884,DD14EA,56.457643593389000,-2.974625483161010
1348885,DD14EB,56.457752659831500,-2.974466010413240
1348886,DD14ED,56.457989521527500,-2.974050181190700
1348887,DD14EH,56.458473877146500,-2.973007828836170
1348888,DD14EL,56.458666583199900,-2.972493491796850
1348889,DD14EN,56.459220755466500,-2.971712520404920
1348890,DD14ER,56.458770095230800,-2.971895735548570
1348891,DD14ET,56.459495189287300,-2.971086661371140
1348892,DD14EY,56.459849322608800,-2.970608874211330
1348893,DD14HA,56.459311965217400,-2.978400505377410
1348899,DD14HN,56.457208990275200,-2.978476239981300
1348902,DD14HR,56.458565657875000,-2.979614566286280
1348904,DD14HW,56.458697943683500,-2.978790391996740
1348541,DD14PA,56.457907403750500,-2.974210346118930
1348547,DD14RT,56.457530913357300,-2.969511232335670
1348582,DD15DY,56.461540338175400,-2.979512652708650
1348583,DD15EE,56.462173223061800,-2.979009634789790
1348584,DD15EF,56.462173223061800,-2.979009634789790
1348585,DD15EG,56.462178237325600,-2.979512848860960
1348587,DD15EJ,56.460568030347500,-2.979763492584050
1348588,DD15EL,56.460073831633600,-2.978631057606180
1348590,DD15EP,56.459325167368700,-2.977865342982230
1348591,DD15EQ,56.459311965217400,-2.978400505377410
1348592,DD15ER,56.459367934552000,-2.979278221597370
1348593,DD15ET,56.459571079431700,-2.979721591261600
1348595,DD15GP,56.459924962665400,-2.978140400670000
1348694,DD15RR,56.463981143963100,-2.977611755137560
1348695,DD15RS,56.464106390449300,-2.977679891461360
1348697,DD15RW,56.464144910755600,-2.978492350807970
1348713,DD19EJ,56.461629217757300,-2.954263718708530
1348329,DD19SE,56.459939550400100,-2.969410335388240
1348330,DD19SG,56.459939550400100,-2.969410335388240
1348331,DD19SH,56.459939550400100,-2.969410335388240
1348332,DD19SJ,56.459939550400100,-2.969410335388240
1348333,DD19SL,56.459939550400100,-2.969410335388240
1348335,DD19SS,56.459939550400100,-2.969410335388240
1348336,DD19ST,56.459939550400100,-2.969410335388240
1348337,DD19SU,56.459939550400100,-2.969410335388240
1348338,DD19SW,56.459939550400100,-2.969410335388240
1348339,DD19SX,56.459939550400100,-2.969410335388240
1348341,DD19SZ,56.459939550400100,-2.969410335388240
1348342,DD19TA,56.459939550400100,-2.969410335388240
1348343,DD19TB,56.459939550400100,-2.969410335388240
1348344,DD19TD,56.459939550400100,-2.969410335388240
1348345,DD19TE,56.459939550400100,-2.969410335388240
1348346,DD19TF,56.459939550400100,-2.969410335388240
1348347,DD19TG,56.459939550400100,-2.969410335388240
1348348,DD19TH,56.459939550400100,-2.969410335388240
1348349,DD19TJ,56.459939550400100,-2.969410335388240
1348350,DD19TL,56.459939550400100,-2.969410335388240
1348351,DD19TN,56.459939550400100,-2.969410335388240
1348352,DD19TP,56.459939550400100,-2.969410335388240
1348353,DD19TQ,56.459939550400100,-2.969410335388240
1348354,DD19TR,56.459939550400100,-2.969410335388240
1348355,DD19TS,56.459939550400100,-2.969410335388240
1348356,DD19TU,56.459939550400100,-2.969410335388240
1348357,DD19TW,56.459939550400100,-2.969410335388240
1348358,DD19TX,56.459939550400100,-2.969410335388240
1348359,DD19TY,56.459939550400100,-2.969410335388240
1345266,DD36HE,56.464335849428300,-2.978205131991420
1345282,DD36JA,56.465362522130400,-2.976754613440770
1345283,DD36JB,56.465881602713400,-2.977011394912480
1345284,DD36JD,56.466362451922200,-2.977559347142890
1345285,DD36JE,56.466753727480400,-2.978072548877460
1345286,DD36JF,56.465626126857100,-2.977507963297500
1345287,DD36JG,56.466753727480400,-2.978072548877460
1345288,DD36JH,56.467323886941100,-2.978687748183020
1345289,DD36JJ,56.466839099471700,-2.979778950588020
1345290,DD36JL,56.467507659813100,-2.979309248222310
1345291,DD36JN,56.468082039416200,-2.979388961940980
1345295,DD36JS,56.469707520639900,-2.979479516758920
1345307,DD36LG,56.465546396870000,-2.973935318862250
1345311,DD36LN,56.465546396870000,-2.973935318862250
1345312,DD36LP,56.465592777330200,-2.974894076238240
1345313,DD36LQ,56.465592777330200,-2.974894076238240
1345314,DD36LR,56.467814307026900,-2.974593937629920
1345315,DD36LS,56.468812197111900,-2.979083136895540
1345316,DD36LU,56.467550677928500,-2.976129111558820
1345317,DD36LW,56.467233551376600,-2.975325668480910
1345318,DD36LX,56.468315180417700,-2.978307477378200
1345319,DD36LY,56.467082056566600,-2.974023333097950
1345320,DD36LZ,56.467946116412900,-2.974970628216260
1345321,DD36NA,56.467424227821200,-2.975070865570180
1345322,DD36NB,56.468090986603300,-2.974828262329210
1345330,DD36ND,56.467721987120400,-2.976052353609390
1345331,DD36NE,56.467309595170300,-2.977080537598490
1345332,DD36NF,56.468377795589100,-2.974916769482690
1345333,DD36NG,56.467807857331600,-2.976557716579370
1345334,DD36NH,56.468010964362300,-2.975864997228860
1345335,DD36NJ,56.467761284007500,-2.976767522802440
1345336,DD36NL,56.467622839591800,-2.977234662520070
1345337,DD36NN,56.470159215321300,-2.979166511107340
1345338,DD36NP,56.467912712667600,-2.976933721648600
1345339,DD36NQ,56.467925951025900,-2.977534608595700
1345340,DD36NR,56.468295220352900,-2.976278069563400
1345341,DD36NS,56.468600930484100,-2.977389644323960
1345342,DD36NT,56.467003371690400,-2.976033912447000
1345343,DD36NU,56.469876248650700,-2.978591111505870
1345344,DD36NW,56.469796835209800,-2.979546744236830
1345345,DD36NX,56.469395943449300,-2.979114396429660
1345346,DD36NY,56.469129150605900,-2.978766666162820
1345347,DD36NZ,56.470250677258000,-2.977821610657300
1345348,DD36PA,56.469915505042100,-2.978170093570920
1345349,DD36PB,56.470057531187200,-2.977248527818180
1345350,DD36PD,56.469544240374700,-2.977397655193200
1345351,DD36PG,56.469042570352100,-2.976070013264270
1345352,DD36PH,56.469042570352100,-2.976070013264270
1345353,DD36PJ,56.469390035336800,-2.975299813125750
1345354,DD36PP,56.470111382794200,-2.976113676585700
1345355,DD36PQ,56.470330588301400,-2.976801047815240
1345356,DD36PR,56.470519518548700,-2.977909683597780
1345357,DD36PS,56.468811641037700,-2.974587031808700
1345361,DD36PY,56.470464754461600,-2.979158145793430
1345388,DD36RJ,56.471575533639500,-2.979576327463610
1345389,DD36RL,56.472296068621400,-2.979351395218290
1345390,DD36RP,56.471629534573800,-2.978425205215150
1345393,DD36RS,56.471548529057700,-2.977303075470240
1345394,DD36RT,56.470972231706600,-2.977466820587700
1345421,DD36TB,56.465133646262000,-2.978436636131540
1345422,DD36TE,56.472462492872600,-2.978755062649280
1345423,DD36TF,56.472462492872600,-2.978755062649280
1345424,DD36TG,56.473098855237300,-2.978950007196510
1345025,DD36TJ,56.472462492872600,-2.978755062649280
1345026,DD36TL,56.473098855237300,-2.978950007196510
1345029,DD36TQ,56.473098855237300,-2.978950007196510
1345032,DD36TT,56.465926323161000,-2.979317224350540
1345037,DD36UA,56.467545650198100,-2.975625826712410
1345038,DD36UB,56.467352046854900,-2.973965324272260
1345042,DD37AA,56.465382547583900,-2.970766292420560
1345043,DD37AB,56.465640634498200,-2.971081249422900
1345044,DD37AD,56.466290911250600,-2.971795753733930
1345045,DD37AE,56.467581116712100,-2.972250720892730
1345046,DD37AF,56.468450227640400,-2.973701284995200
1345047,DD37AG,56.468779659026400,-2.974083040219210
1345048,DD37AH,56.466736361286100,-2.972277818789590
1345049,DD37AJ,56.469578233112800,-2.970775996596550
1345050,DD37AL,56.469401247708800,-2.973871717926550
1345051,DD37AN,56.469277976613700,-2.974696371349370
1345052,DD37AP,56.469956072407900,-2.975298097272230
1345053,DD37AQ,56.470447569780800,-2.975635343331940
1345054,DD37AR,56.469844581527700,-2.975765960672510
1345055,DD37AS,56.469622692715500,-2.975419401580060
1345056,DD37AT,56.469592924877200,-2.970045945296630
1345057,DD37AU,56.468980655679600,-2.974802371622440
1345058,DD37AW,56.468678740276100,-2.973203964660570
1345059,DD37AX,56.465551788094000,-2.972101469544280
1345060,DD37AY,56.465551788094000,-2.972101469544280
1345061,DD37AZ,56.465536448585800,-2.972912575974070
1345062,DD37BA,56.465536448585800,-2.972912575974070
1345063,DD37BB,56.465921051179600,-2.973133405203740
1345064,DD37BD,56.466216844236800,-2.973222124200440
1345065,DD37BE,56.470893904547400,-2.965663959192460
1345066,DD37BF,56.471069273583900,-2.967372805762050
1345067,DD37BG,56.466813264246100,-2.972782930555400
1345068,DD37BH,56.474327415272100,-2.971238149623460
1345069,DD37BJ,56.467438364354900,-2.973269610995030
1345070,DD37BL,56.468071044674800,-2.973935043230360
1345071,DD37BN,56.467549878738000,-2.963582664721380
1345072,DD37BQ,56.465982485204800,-2.971025056325140
1345073,DD37BR,56.467915398529500,-2.963949006445030
1345074,DD37BS,56.468936025525900,-2.964413122640700
1345075,DD37BW,56.469636551672700,-2.964447118572900
1345076,DD37BY,56.468967259298000,-2.963862046474060
1345077,DD37BZ,56.470538653361000,-2.966287990098360
1345078,DD37DA,56.470208577225500,-2.967139896833040
1345079,DD37DB,56.470279174401000,-2.967304012005470
1345080,DD37DD,56.471115439594700,-2.969516649267380
1345081,DD37DE,56.470104961101600,-2.967754074344530
1345082,DD37DF,56.470089776292500,-2.968549051224380
1345083,DD37DH,56.469970088144100,-2.968919335691740
1345084,DD37DQ,56.469850688645800,-2.972698304685910
1345085,DD37DZ,56.468303036998700,-2.971847165604020
1345086,DD37EA,56.468303036998700,-2.971847165604020
1345087,DD37ED,56.468680470304000,-2.970688155959640
1345088,DD37EP,56.469840402347700,-2.969419217436360
1345089,DD37EU,56.471301388728400,-2.971014772986000
1345090,DD37EW,56.470122369508600,-2.971276844021190
1345091,DD37EY,56.471036862028400,-2.973816209347150
1345092,DD37EZ,56.471173069797600,-2.974777407524770
1345093,DD37HB,56.470188031595400,-2.974362592338160
1345094,DD37HD,56.470721576501400,-2.973921761168060
1345095,DD37HE,56.470867973042600,-2.973584633165570
1345096,DD37HF,56.470625235102900,-2.972458401162120
1345097,DD37HG,56.470412828092900,-2.972047168507010
1345098,DD37HJ,56.471024242002700,-2.973134129060070
1345099,DD37HN,56.472085422262100,-2.970710137558390
1345100,DD37HP,56.471241989238600,-2.972863750190310
1345101,DD37HS,56.470843743459000,-2.972090647314920
1345102,DD37HT,56.472420670624400,-2.971497874745280
1345103,DD37HU,56.473419107716900,-2.972497383038260
1345104,DD37HW,56.473190514727000,-2.971858440724680
1345105,DD37HX,56.472480153390700,-2.970785145486420
1345106,DD37HY,56.472409455964100,-2.969484708875680
1345107,DD37HZ,56.472031054095400,-2.968468632317330
1345108,DD37JA,56.472011193234200,-2.967559093996460
1345109,DD37JB,56.471709069344800,-2.967129359548890
1345110,DD37JD,56.471579005574700,-2.966525447926990
1345111,DD37JF,56.471949570980500,-2.966242677807750
1345112,DD37JG,56.472195147167000,-2.967011859238490
1345113,DD37JH,56.472625811489400,-2.967087742824040
1345114,DD37JJ,56.472703617351000,-2.968631858345520
1345115,DD37JN,56.473763942358600,-2.969762744511380
1345125,DD37JQ,56.473542237419200,-2.971688862832520
1345126,DD37JW,56.474087713573400,-2.968569714505640
1345127,DD37JY,56.475210685492900,-2.973176334649270
1345128,DD37JZ,56.473763942358600,-2.969762744511380
1345129,DD37LA,56.475483293614700,-2.973930085865200
1345130,DD37LB,56.475594063468500,-2.972406902513840
1345131,DD37LD,56.475554922212200,-2.969370098348060
1345132,DD37LE,56.475346686488800,-2.967270584441960
1345133,DD37LG,56.475627919894200,-2.965767952254740
1345134,DD37LH,56.475497741253800,-2.966332843021770
1345135,DD37LJ,56.476705592219600,-2.965827795439640
1345136,DD37LL,56.477060100256500,-2.966453726200580
1345137,DD37LN,56.476534300209100,-2.967057277706350
1345138,DD37LP,56.476897905685100,-2.968819885411980
1345139,DD37LQ,56.476555803090900,-2.968908576241100
1345140,DD37LR,56.476254812168300,-2.969485349373930
1345141,DD37LS,56.475899939385800,-2.968908097334470
1345142,DD37LT,56.475780452634000,-2.971551249340620
1345143,DD37LU,56.475748966467900,-2.970982243427500
1345144,DD37LW,56.476398259080000,-2.970674132837770
1345145,DD37LX,56.476443774398600,-2.971746779850010
1345146,DD37LY,56.477109636917700,-2.971617684131560
1345147,DD37LZ,56.477071961092800,-2.970691332614190
1345148,DD37NA,56.477059082939800,-2.973483404185690
1345149,DD37NB,56.476683210069400,-2.973295198366740
1345150,DD37ND,56.476354540118300,-2.972815981848220
1345151,DD37NE,56.476044293929000,-2.973424953247630
1345152,DD37NF,56.476472090089400,-2.975010665707880
1345153,DD37NG,56.474235450485500,-2.964596228500680
1345154,DD37NH,56.474539096894300,-2.964831204554150
1345155,DD37NJ,56.474845161465200,-2.965910410044670
1345156,DD37NN,56.474972411273600,-2.964566222046520
1345157,DD37NP,56.475272623216200,-2.964086814540320
1345158,DD37NQ,56.475642961116100,-2.964989089400790
1345159,DD37NR,56.475587483322400,-2.962877229898110
1345160,DD37NS,56.475600033432000,-2.963575620311750
1345161,DD37NT,56.476917680469600,-2.962813508215370
1345162,DD37NU,56.477585673664700,-2.962408312062960
1345163,DD37NX,56.477307461179200,-2.962368799660350
1345164,DD37NY,56.477216953727800,-2.964769279454290
1345165,DD37NZ,56.477630558336900,-2.965883762857780
1345166,DD37PA,56.477620292538300,-2.964893160168670
1345167,DD37PD,56.476723754441900,-2.963490455858990
1345168,DD37PE,56.476454354866500,-2.962314737084050
1345169,DD37PF,56.476161321551300,-2.961868989443770
1345170,DD37PG,56.473677535471100,-2.965864516630070
1345171,DD37PH,56.476156741754700,-2.964774846266440
1345172,DD37PJ,56.476458494867800,-2.965253306989040
1345173,DD37PL,56.476947220182300,-2.964794904622880
1345174,DD37PP,56.472577223752300,-2.966404722722350
1345175,DD37PQ,56.473328598672000,-2.965677087436740
1345176,DD37PR,56.473645644487500,-2.965344237250380
1345177,DD37PS,56.473864384230000,-2.964943952677450
1345178,DD37PT,56.473763942358600,-2.969762744511380
1345179,DD37PU,56.472561512245300,-2.964959590526820
1345180,DD37PW,56.472185499687800,-2.964787721139080
1345181,DD37PY,56.472443481143100,-2.961645083974340
1345182,DD37PZ,56.472018448363700,-2.963160211025800
1345183,DD37QA,56.472001276112600,-2.964214902318350
1345184,DD37QB,56.472941710763500,-2.965748428002430
1345185,DD37QD,56.472744950404200,-2.964477254510630
1345186,DD37QE,56.472645281256100,-2.965740899709690
1345187,DD37QF,56.472495099943100,-2.965412427164680
1345188,DD37QG,56.473073370410300,-2.963836257593310
1345189,DD37QH,56.473326935163900,-2.964735514961460
1345190,DD37QJ,56.473625634777800,-2.964450891895950
1345191,DD37QL,56.473754544504500,-2.964048324978120
1345192,DD37QN,56.472106823498200,-2.965662294056700
1345193,DD37QP,56.473289459656000,-2.963776801726530
1345194,DD37QQ,56.473515791467600,-2.963555271210370
1345195,DD37QR,56.474022350212900,-2.963113567414360
1345196,DD37QS,56.474606478664400,-2.963095895185140
1345197,DD37QT,56.474702139892600,-2.963504164745840
1345198,DD37QU,56.475232076258600,-2.962364972987520
1345199,DD37QW,56.474313825585200,-2.962601471842530
1345200,DD37QX,56.473770157462800,-2.962035771153440
1345201,DD37QY,56.475391448219300,-2.961508596505060
1345202,DD37QZ,56.472634099291500,-2.963711492825810
1345203,DD37RA,56.472297416370400,-2.963102345406840
1345204,DD37RB,56.473423262620800,-2.975403256670590
1345205,DD37RD,56.472738792938100,-2.975612962287810
1345206,DD37RE,56.472089488086500,-2.975920959493580
1345207,DD37RF,56.471816636728500,-2.975199720440310
1345208,DD37RG,56.472757973034500,-2.974314809955370
1345209,DD37RH,56.471408845031000,-2.975643772516130
1345210,DD37RJ,56.470991558599600,-2.976152500657970
1345211,DD37RL,56.471942319372600,-2.976355465802330
1345212,DD37RN,56.472276848463600,-2.976088096358830
1345213,DD37RP,56.472469872036200,-2.976677436585720
1345214,DD37RQ,56.473277243847700,-2.975691710140150
1345215,DD37RR,56.473249322079100,-2.976957188571280
1345216,DD37RS,56.472696481929500,-2.976423528305370
1345217,DD37RT,56.473835050695700,-2.979017660908740
1345218,DD37RU,56.472056707813800,-2.977803118339240
1345219,DD37RW,56.472350798372300,-2.976966570269560
1345220,DD37RX,56.472920451289300,-2.977646763905590
1345221,DD37RY,56.473480733945800,-2.978375437100050
1345222,DD37RZ,56.473811525900900,-2.977442404654650
1345223,DD37SA,56.474232178139100,-2.977648022006420
1345224,DD37SB,56.474487944952400,-2.978255248648060
1345323,DD37SD,56.474637601055800,-2.979785082222150
1344825,DD37SF,56.473599196823500,-2.979303790116390
1344826,DD37SG,56.474173831916900,-2.979351056821090
1344827,DD37SH,56.473038219576300,-2.974094726038560
1344828,DD37SN,56.477616653831300,-2.967669272149040
1344829,DD37SR,56.468254813259800,-2.963048666607870
1344830,DD37ST,56.468035827678900,-2.963481359138110
1344831,DD37SW,56.477232295262000,-2.967415965366430
1344832,DD37SX,56.477251384431000,-2.969575700927050
1344833,DD37SY,56.477388821056200,-2.972680095537490
1344834,DD37SZ,56.478011042457700,-2.972387543831530
1344835,DD37TA,56.477634343550400,-2.970007580434400
1344836,DD37TB,56.467070246479100,-2.972091586338410
1344837,DD37TD,56.467475137837800,-2.970868394278150
1344838,DD37TE,56.467711733811800,-2.970484892255280
1344839,DD37TF,56.468049547698700,-2.969795577517640
1344840,DD37TG,56.469251077278600,-2.965492393388480
1344841,DD37TH,56.467802673238400,-2.971493530554230
1344842,DD37TJ,56.467995119306700,-2.971011515740940
1344843,DD37TS,56.469822309726200,-2.965977617026730
1344844,DD37TT,56.469431505212900,-2.966552029080990
1344845,DD37TU,56.469318150608500,-2.967263337410870
1344846,DD37TW,56.469035891884800,-2.967743102334530
1344847,DD37TY,56.469465164023000,-2.967997500073680
1344848,DD37TZ,56.469465164023000,-2.967997500073680
1344849,DD37UA,56.469843193555700,-2.966757273643350
1344850,DD37UB,56.469843193555700,-2.966757273643350
1344851,DD37UD,56.477462734318900,-2.974711369141030
1344852,DD37UE,56.477823952985400,-2.974477101520410
1344853,DD37UN,56.470245485014700,-2.964706040517460
1344856,DD38AA,56.474836606423000,-2.978475260166540
1344857,DD38AB,56.474922527284000,-2.976691732955760
1344858,DD38AD,56.474021403305200,-2.975889374245940
1344859,DD38AE,56.475280637446800,-2.975710649466580
1344860,DD38AF,56.475967274974100,-2.975225002491090
1344861,DD38AG,56.477286071311100,-2.975469884527070
1344862,DD38AH,56.477210637919900,-2.975922527965560
1344863,DD38AJ,56.476439020606500,-2.975789079792560
1344864,DD38AL,56.476114413654000,-2.977079508340520
1344865,DD38AN,56.475710831868300,-2.976987965685930
1344866,DD38AP,56.476628980845700,-2.976768037613390
1344867,DD38AQ,56.475264379894700,-2.976635577538520
1344868,DD38AR,56.475719850469900,-2.978124600125020
1344869,DD38AS,56.476841371685000,-2.977179364060790
1344870,DD38AT,56.477224048490200,-2.977643778491900
1344871,DD38AU,56.476551145661300,-2.978665495525190
1344878,DD38BD,56.477960017339400,-2.978880349646360
1344879,DD38BE,56.477523755555900,-2.976092916225600
1344880,DD38BG,56.477511779673000,-2.978755163379830
1344886,DD38BQ,56.477132331719900,-2.979021389062870
1344887,DD38BR,56.476815633844800,-2.979305460509780
1344893,DD38BY,56.476356877418400,-2.979374817449600
1344955,DD38HL,56.478325127988200,-2.975869959123670
1344956,DD38HN,56.478672019170000,-2.974028007199690
1344957,DD38HP,56.478432965966400,-2.977009210781160
1344958,DD38HR,56.478355638756100,-2.978841829497980
1344961,DD38HU,56.478888837410500,-2.979586163303970
1344962,DD38HW,56.478113676334200,-2.976481474635830
1344963,DD38HX,56.478690013637700,-2.977454177498810
1344964,DD38HY,56.479159318673000,-2.978326740677700
1344965,DD38JA,56.479238723428200,-2.977370870248960
1344966,DD38JB,56.479914806458200,-2.975943237644450
1344967,DD38JD,56.480594339918500,-2.977503141181260
1344968,DD38JE,56.480366321533700,-2.977935658428140
1344969,DD38JG,56.480970618852700,-2.978779268957810
1344970,DD38JH,56.480932910679000,-2.975579697838160
1344971,DD38JJ,56.481960123923900,-2.975200135593180
1344972,DD38JL,56.482007514088700,-2.976029438623740
1344973,DD38JN,56.481260240334700,-2.975084760970920
1344974,DD38JP,56.482063904703400,-2.974569553913390
1344975,DD38JQ,56.479510375755700,-2.977101843091070
1344980,DD38JW,56.481462633778700,-2.973336381316800
1344983,DD38JZ,56.481757509053200,-2.979254163128050
1344985,DD38LB,56.480883318936000,-2.977315733535800
1344986,DD38LD,56.481365571208200,-2.977685339992680
1344672,DD38SH,56.479039390349500,-2.971861831187700
1344335,DD46AD,56.465735519239700,-2.961199576138460
1344336,DD46AF,56.465721306274600,-2.963033210210790
1344337,DD46AN,56.466673716653600,-2.958382959988470
1344338,DD46AT,56.465062316708900,-2.961117645510600
1344339,DD46AY,56.465508841277600,-2.957980321165050
1344340,DD46BA,56.470017063246700,-2.947705498624910
1344341,DD46BD,56.466655067448900,-2.954974102517220
1344342,DD46BE,56.466572602173400,-2.954014439737390
1344343,DD46BG,56.466884123050800,-2.955564152008320
1344344,DD46BH,56.466988053429500,-2.953732710333520
1344345,DD46BN,56.467305441610600,-2.953351132451440
1344346,DD46BP,56.466809676429700,-2.961713636076970
1344347,DD46BQ,56.467156478193400,-2.955197690052400
1344348,DD46BR,56.466436020645700,-2.963554446505510
1344349,DD46BS,56.466002162601600,-2.962731948277860
1344350,DD46BU,56.465721306274600,-2.963033210210790
1344351,DD46BW,56.467464032644400,-2.961908720192560
1344352,DD46BY,56.465826785956000,-2.962175686851840
1344353,DD46DG,56.467034529639800,-2.958197284563430
1344354,DD46DL,56.467467038484600,-2.959198257529880
1344355,DD46DN,56.466717833858500,-2.959650046566130
1344356,DD46DP,56.466784801285600,-2.960284724847620
1344357,DD46DQ,56.467675810951200,-2.957758976499540
1344358,DD46DR,56.467213335711200,-2.960636388209880
1344359,DD46DT,56.467502593225200,-2.959247846547210
1344360,DD46EA,56.467876299514300,-2.960880366207540
1344361,DD46EB,56.467655373258900,-2.960404090098790
1344362,DD46ED,56.468194555697000,-2.958064198953930
1344363,DD46EH,56.467279944264800,-2.957830161464290
1344364,DD46EJ,56.467487674217100,-2.957689315831690
1344365,DD46EL,56.467930832821500,-2.957310931472290
1344366,DD46EN,56.467972534422700,-2.955396725648390
1344367,DD46EP,56.468311111076900,-2.956930956265270
1344368,DD46EQ,56.468535208123400,-2.954664224248890
1344369,DD46ER,56.468466960172900,-2.955360452190810
1344370,DD46ES,56.468216941906900,-2.955159398967740
1344371,DD46ET,56.468914723408800,-2.955550245056440
1344372,DD46EW,56.467947171127700,-2.957522345315140
1344373,DD46EY,56.469808637003800,-2.953803443385340
1344374,DD46EZ,56.468311495676500,-2.952207710072340
1344375,DD46HB,56.467989236793300,-2.952053563170100
1344376,DD46HD,56.469067179465300,-2.948558325871610
1344377,DD46HE,56.467689546259700,-2.951299442332030
1344378,DD46HF,56.468090506338500,-2.950562844357370
1344379,DD46HG,56.467992596618900,-2.951615410847230
1344380,DD46HJ,56.468566746492900,-2.951727163953790
1344381,DD46HL,56.468304974009200,-2.950714284550360
1344382,DD46HN,56.468309729611200,-2.951266261251780
1344383,DD46HP,56.468450810810500,-2.950442000138120
1344384,DD46HR,56.468688089313800,-2.949960991611580
1344385,DD46HS,56.469007452023900,-2.949319712309130
1344386,DD46HT,56.468563276610100,-2.948659376688410
1344387,DD46HW,56.468628477593000,-2.950706140030720
1344388,DD46HX,56.469446006180400,-2.947188089057570
1344389,DD46HY,56.468935721923500,-2.946948141191760
1344390,DD46HZ,56.467790011701700,-2.946383996458880
1344391,DD46JA,56.468028278383900,-2.948126640692670
1344392,DD46JB,56.467384178437800,-2.946584897566770
1344393,DD46JD,56.467312507394200,-2.947735492129540
1344394,DD46JE,56.466652923462600,-2.948222199485110
1344395,DD46JF,56.467770312559000,-2.948964215621050
1344396,DD46JG,56.467160150599500,-2.950036443528900
1344397,DD46JH,56.467399485846300,-2.951633032669360
1344398,DD46JJ,56.467033725892000,-2.948945837806130
1344399,DD46JL,56.466747102765800,-2.951178488088240
1344400,DD46JN,56.466943106721700,-2.951394386636660
1344401,DD46JP,56.466515291700500,-2.950945466188050
1344402,DD46JR,56.466562365281400,-2.953007899934380
1344403,DD46JS,56.466650308242200,-2.952084970195410
1344404,DD46JT,56.469427226221400,-2.946116336961210
1344405,DD46JU,56.468157731042000,-2.945289435832470
1344406,DD46JW,56.466841435109900,-2.951765144669330
1344407,DD46JX,56.467794131905000,-2.944663625431810
1344408,DD46JY,56.467450563128000,-2.944947245353010
1344409,DD46JZ,56.467103940021200,-2.944451716121720
1344410,DD46LA,56.468147705558300,-2.941880670382750
1344411,DD46LB,56.467998671901200,-2.939020330563160
1344413,DD46LE,56.468032273618100,-2.942884132420170
1344414,DD46LF,56.468245147872400,-2.943246493365030
1344415,DD46LG,56.468829042235800,-2.942076088338130
1344416,DD46LH,56.469262241199600,-2.945365583178200
1344417,DD46LJ,56.469167043491600,-2.943707607234610
1344418,DD46LL,56.469928995612000,-2.942752607176030
1344419,DD46LN,56.470375792180600,-2.943072090713960
1344420,DD46LP,56.470001547000300,-2.945026860682230
1344421,DD46LQ,56.468937191670200,-2.943214962811740
1344422,DD46LR,56.470352451319400,-2.946139354707960
1344423,DD46LS,56.472666396767300,-2.954881566435570
1344424,DD46LT,56.471834122095700,-2.954454852331260
1344495,DD46LU,56.471447614543000,-2.954477616497030
1344496,DD46LX,56.471548415969000,-2.955389166621110
1344497,DD46LY,56.470993609053700,-2.955099279896350
1344498,DD46LZ,56.470303935024000,-2.953653545837570
1344499,DD46NA,56.470749081513400,-2.954184137686990
1344500,DD46NB,56.471160166730000,-2.954470401906360
1344501,DD46ND,56.471211566518000,-2.953627609436480
1344502,DD46NE,56.471338571636600,-2.953468470189180
1344503,DD46NF,56.471607430718200,-2.953556373805760
1344504,DD46NG,56.471766751053800,-2.953868788036470
1344505,DD46NH,56.472625601714000,-2.954344854330540
1344506,DD46NJ,56.473162444758700,-2.954634291751690
1344507,DD46NL,56.473390756694700,-2.954153024900430
1344508,DD46NN,56.472665898433800,-2.953777711446270
1344509,DD46NP,56.471126475227300,-2.953008647543770
1344510,DD46NQ,56.472169103662500,-2.954122371977410
1344511,DD46NR,56.469685607953500,-2.952274577748050
1344512,DD46NS,56.468422755634000,-2.957599243373620
1344513,DD46NT,56.468702597570800,-2.957427745140020
1344514,DD46NU,56.468973706817900,-2.957223561795710
1344515,DD46NW,56.472084139568400,-2.953487163798410
1344516,DD46NY,56.468953738768400,-2.957482761606960
1344517,DD46NZ,56.469376803723900,-2.957379791627880
1344518,DD46PB,56.469908287175400,-2.957198389397840
1344519,DD46PD,56.468851222726900,-2.953292491988940
1344520,DD46PE,56.469598661151000,-2.955405112526300
1344521,DD46PF,56.469923399314700,-2.956403410981670
1344522,DD46PH,56.470583369031800,-2.957036827924310
1344523,DD46PJ,56.470664338798600,-2.957022633444400
1344524,DD46PL,56.470847746230000,-2.956540282768870
1344025,DD46PN,56.470998594903800,-2.955618837688760
1344026,DD46PP,56.471240504205800,-2.955706078435340
1344027,DD46PQ,56.469457552399600,-2.952723352353790
1344028,DD46PR,56.471177856180300,-2.956840768249980
1344029,DD46PS,56.471472555918900,-2.955906699850240
1344030,DD46PT,56.471702857059600,-2.956334535701130
1344031,DD46PW,56.471098512540600,-2.956643984140970
1344032,DD46PX,56.472087364138700,-2.956571463721910
1344033,DD46PZ,56.472574807800600,-2.956275299496180
1344034,DD46QA,56.472574807800600,-2.956275299496180
1344035,DD46QB,56.472715547644100,-2.955499654669060
1344036,DD46QD,56.472178706607900,-2.955210208527190
1344037,DD46QE,56.471605933853200,-2.954919868375210
1344038,DD46QF,56.472201782369200,-2.955714004396290
1344039,DD46QG,56.468572081239100,-2.958041246540720
1344040,DD46QH,56.469902027438800,-2.958009822050810
1344041,DD46QJ,56.469346757681800,-2.962427053973950
1344042,DD46QL,56.468905974947700,-2.962497056617000
1344043,DD46QN,56.470921834690900,-2.957418687155940
1344044,DD46QP,56.468342956676300,-2.962109491935060
1344045,DD46QQ,56.469021719153100,-2.957987647350520
1344046,DD46QR,56.468557787422500,-2.962212313915540
1344047,DD46QS,56.468969231523100,-2.962449963236630
1344048,DD46QT,56.468784619600900,-2.961925888683730
1344049,DD46QU,56.468843544601500,-2.961278124642660
1344050,DD46QW,56.471750123836400,-2.957196051706890
1344051,DD46QX,56.469512142953200,-2.963112968424310
1344052,DD46QY,56.469350849203700,-2.960739073584150
1344053,DD46QZ,56.468660747525300,-2.961679286453770
1344054,DD46RA,56.468477640042600,-2.960960483541620
1344055,DD46RB,56.468245651747500,-2.959591209436110
1344056,DD46RD,56.468555027633000,-2.960248264535580
1344057,DD46RE,56.468531639917200,-2.958624551771290
1344058,DD46RF,56.468774800429800,-2.958549524118830
1344059,DD46RG,56.468678955434500,-2.959326210158510
1344060,DD46RJ,56.469833462544300,-2.959907212824890
1344061,DD46RN,56.470164945088700,-2.960029203055180
1344062,DD46RP,56.469715874688600,-2.961170319837240
1344063,DD46RQ,56.468737443640300,-2.959895781339160
1344064,DD46RR,56.470161106566900,-2.959363597497410
1344065,DD46RS,56.469124751204300,-2.958607038632620
1344066,DD46RT,56.469516771637300,-2.957870264296390
1344067,DD46RU,56.470009162523900,-2.961583528686970
1344068,DD46RW,56.470200047093200,-2.958975013402440
1344069,DD46RX,56.470618670068400,-2.960608780968580
1344070,DD46SB,56.471191864515300,-2.962003010518730
1344071,DD46SD,56.471013090363800,-2.961884862155290
1344072,DD46SE,56.471818768345500,-2.962262358856940
1344073,DD46SF,56.471375794036800,-2.961455760363540
1344074,DD46SG,56.471561036571200,-2.961898721802100
1344075,DD46SH,56.471326170254900,-2.960902603528660
1344076,DD46SJ,56.471138035470200,-2.960832920447990
1344077,DD46SL,56.471329812570700,-2.960431955409590
1344078,DD46SN,56.471431183022200,-2.958941129209590
1344079,DD46SP,56.471431183022200,-2.958941129209590
1344080,DD46SQ,56.471662299082400,-2.960424120040520
1344125,DD46SS,56.472423500386200,-2.959583002206450
1344126,DD46SU,56.471513030520400,-2.958813333159780
1344127,DD46SW,56.471399262894600,-2.958420886060230
1344128,DD46SX,56.471594162872800,-2.957614171738740
1344129,DD46SY,56.471341018529400,-2.957818818642710
1344130,DD46SZ,56.471020018908500,-2.957502320439020
1344131,DD46TB,56.471872502466200,-2.957637413490790
1344132,DD46TE,56.472549837611300,-2.957183715780380
1344133,DD46TF,56.471937634907100,-2.957346865585660
1344134,DD46TH,56.473121978907600,-2.957555247455170
1344135,DD46TJ,56.471237077564600,-2.963124188684970
1344136,DD46TL,56.471772514223400,-2.963592262639320
1344137,DD46TN,56.470646106403600,-2.962865739962390
1344138,DD46TP,56.472268869542900,-2.957501299807380
1344139,DD46TQ,56.472966603118300,-2.959061014405120
1344140,DD47AA,56.473474433502900,-2.957288156323440
1344141,DD47AB,56.474375334747400,-2.956969929079200
1344142,DD47AD,56.474731664640500,-2.956199671614320
1344143,DD47AE,56.475152352760200,-2.956405059494900
1344144,DD47AF,56.475691165315000,-2.957603714600040
1344145,DD47AG,56.475792228657100,-2.957314042196020
1344146,DD47AH,56.476339823969600,-2.956207645689270
1344147,DD47AJ,56.476873879882600,-2.958023137451370
1344148,DD47AL,56.476656219685600,-2.955955847918030
1344149,DD47AN,56.477108362923200,-2.954408668212630
1344150,DD47AP,56.476990580354500,-2.955704497570610
1344151,DD47AQ,56.475978138910100,-2.956507003218980
1344152,DD47AR,56.473419435127000,-2.956264073616400
1344153,DD47AS,56.473849606176900,-2.956404759545480
1344154,DD47AT,56.474737787979400,-2.955404366233490
1344155,DD47AU,56.474559261519800,-2.954084943804500
1344156,DD47AW,56.477229114398200,-2.956230011255800
1344157,DD47AX,56.474559261519800,-2.954084943804500
1344158,DD47AY,56.475377185995300,-2.955209388638280
1344159,DD47AZ,56.475447804243300,-2.954204644440980
1344160,DD47BA,56.476697527599100,-2.954089896043470
1344161,DD47BB,56.477500732676200,-2.953623000838320
1344162,DD47BD,56.476432410209600,-2.953515032837360
1344163,DD47BE,56.478588629495400,-2.952351448489390
1344164,DD47BF,56.472825815317800,-2.951671426889970
1344165,DD47BG,56.479196341971800,-2.952772565983420
1344166,DD47BH,56.477345029383500,-2.955177653064910
1344167,DD47BJ,56.477691463799900,-2.956858574626450
1344168,DD47BL,56.478005358836100,-2.956931415735360
1344169,DD47BN,56.477960215539200,-2.955793812595970
1344170,DD47BP,56.478655389732400,-2.954187735997330
1344171,DD47BQ,56.477810513614400,-2.954231472337890
1344172,DD47BR,56.478390615096100,-2.957070996092540
1344174,DD47BT,56.478917430160900,-2.958659116602320
1344175,DD47BU,56.475836760358200,-2.945642683138260
1344176,DD47BW,56.478132769090000,-2.954385678388710
1344177,DD47BX,56.478770266876300,-2.956772077329840
1344178,DD47BY,56.478774282930300,-2.955083677237070
1344179,DD47BZ,56.478934727767800,-2.954081097388710
1344180,DD47DA,56.476232533167400,-2.944402471285230
1344181,DD47DB,56.479730438144200,-2.955757138275230
1344182,DD47DD,56.480086097303100,-2.957405930946400
1344183,DD47DE,56.480067171702600,-2.955197339165900
1344184,DD47DF,56.478168479173600,-2.959078585457580
1344185,DD47DG,56.475006382831100,-2.952018214278540
1344186,DD47DH,56.474706907926900,-2.950062655052820
1344187,DD47DJ,56.474829519517100,-2.949302725690810
1344188,DD47DL,56.474827979951700,-2.948328653834700
1344189,DD47DN,56.475155095365500,-2.944310774056040
1344190,DD47DP,56.474933386215400,-2.942746811041570
1344191,DD47DQ,56.475180136115900,-2.950447862320120
1344192,DD47DR,56.475422522242300,-2.942223212424830
1344193,DD47DS,56.476188508045500,-2.943102620814320
1344194,DD47DT,56.476941210473900,-2.943364813329030
1344195,DD47DU,56.476219628465700,-2.943736537245580
1344196,DD47DW,56.474725764246700,-2.947595581497410
1344197,DD47DX,56.477951080306200,-2.944071750034430
1344198,DD47DY,56.476454344889200,-2.945950265726750
1344199,DD47DZ,56.476628803558000,-2.946636461688960
1344200,DD47EA,56.476033652653700,-2.948098974668300
1344201,DD47EB,56.475452431736500,-2.948912423791940
1344202,DD47ED,56.475773204922000,-2.949261349426440
1344203,DD47EE,56.477012586210300,-2.946970713514790
1344204,DD47EF,56.478208246765500,-2.944516489706420
1344205,DD47EG,56.478509831157800,-2.945027281284150
1344206,DD47EH,56.478714602676800,-2.947630058569380
1344207,DD47EJ,56.478869716915200,-2.946140248614730
1344208,DD47EL,56.478147629131400,-2.948930986353900
1344209,DD47EN,56.478910045941400,-2.949096137087070
1344210,DD47EP,56.477943864255400,-2.952075533885370
1344211,DD47EQ,56.478230209193900,-2.946351628363100
1344212,DD47ER,56.478828528554000,-2.951529442185110
1344213,DD47ES,56.479601790683100,-2.951451380672930
1344214,DD47ET,56.473111912409400,-2.955363515763520
1344215,DD47EU,56.473404229849000,-2.954737761518770
1344216,DD47EW,56.478662546290500,-2.949739379544190
1344217,DD47EX,56.474016177530600,-2.953438208602780
1344218,DD47EY,56.476293048494300,-2.952943329542800
1344219,DD47EZ,56.475937351153200,-2.952463617940270
1344220,DD47FA,56.473833975302000,-2.945544174974140
1344223,DD47GZ,56.469280397754400,-2.940610201457910
1344224,DD47HA,56.475520158945100,-2.952972661449150
1344288,DD47HB,56.475894678659100,-2.952170330644100
1344289,DD47HD,56.474327396186600,-2.950345378903460
1344290,DD47HE,56.473392278942000,-2.949266844973080
1344291,DD47HF,56.473124850820300,-2.947815417500620
1344293,DD47HH,56.473265959289100,-2.945806015434320
1344294,DD47HJ,56.473860628639700,-2.942038408604240
1344295,DD47HL,56.472811849838900,-2.942905242808630
1344296,DD47HN,56.472237762200200,-2.945147363847540
1344297,DD47HP,56.471939546915900,-2.940643508812380
1344298,DD47HQ,56.472682697857400,-2.945710343558850
1344299,DD47HR,56.471553767729900,-2.939384065685830
1344300,DD47HS,56.470951921242900,-2.939369199010500
1344301,DD47HT,56.472191053991300,-2.939464739404660
1344302,DD47HU,56.473592747000100,-2.940635704051120
1344303,DD47HW,56.472810998780900,-2.941833842539630
1344304,DD47HX,56.474428391145600,-2.940623908591680
1344305,DD47HY,56.474488314091000,-2.942200062931370
1344306,DD47HZ,56.474906201246700,-2.941593529298180
1344307,DD47JA,56.476290523789600,-2.942683054161250
1344308,DD47JB,56.476869240810500,-2.942194125571230
1344309,DD47JD,56.478077477919700,-2.942808537811570
1344311,DD47JF,56.478062699002400,-2.943571228583320
1344313,DD47JH,56.471799550869300,-2.948415456495890
1344314,DD47JJ,56.470781093711000,-2.947659609779620
1344318,DD47JQ,56.471146644850600,-2.945672144330050
1343995,DD47TX,56.478527258768100,-2.946277845198680
1344004,DD47UP,56.475703208225800,-2.946662119916750
1344013,DD48AA,56.479592826560100,-2.944388529859920
1344014,DD48AB,56.479671106798900,-2.943546205103080
1344015,DD48AD,56.479817421305300,-2.943208880329490
1344016,DD48AE,56.480097489983700,-2.943004759382360
1344017,DD48AF,56.480630781418500,-2.943764860635830
1344018,DD48AG,56.480769814749600,-2.944385296195460
1344019,DD48AH,56.479850979995800,-2.944703427325840
1344020,DD48AJ,56.481464416374900,-2.945198151294180
1344021,DD48AL,56.481577236195300,-2.945720533017210
1344022,DD48AN,56.481792366913000,-2.944605542007300
1344023,DD48AP,56.481423872025900,-2.942258300997420
1344024,DD48AQ,56.480352408367200,-2.944926959139430
1344081,DD48AR,56.480790899231000,-2.941609391222110
1344082,DD48AS,56.481133352248300,-2.941471744569650
1344083,DD48AT,56.482075030546200,-2.944060508844880
1344085,DD48AW,56.481850484419700,-2.942869640094140
1344100,DD48BU,56.481843480592800,-2.940239093047190
1344102,DD48BX,56.478962476657900,-2.941028328669950
1344107,DD48DH,56.480754587031500,-2.939286685819540
1344108,DD48DJ,56.480013947945800,-2.942174646341720
1344109,DD48DL,56.481082035104000,-2.939944238348770
1344113,DD48EB,56.479285604892200,-2.942254010492910
1344114,DD48ED,56.478120556735500,-2.940682784020620
1343899,DD48UA,56.480309864942700,-2.949325919356950
1343900,DD48UB,56.480088772964500,-2.946511546996360
1343918,DD48WA,56.479728025390000,-2.945512170696770
1343919,DD48WE,56.479994911351700,-2.945859766404650
1343920,DD48WF,56.479534853982700,-2.944922874183570
1343428,DD48XF,56.479680846086900,-2.939893358255690
1343429,DD48XG,56.479289915545500,-2.940500652913470
1343430,DD48XH,56.478933785739800,-2.938884515732990
1343435,DD48XQ,56.479931119036400,-2.938876674607790
1343441,DD49AA,56.478118037124800,-2.966740384413120
1343442,DD49AB,56.478011760158500,-2.968848269010710
1343443,DD49AD,56.477783138059500,-2.969361969082340
1343444,DD49AE,56.480171877819300,-2.970656830361810
1343445,DD49AF,56.479890748803100,-2.970990610329900
1343446,DD49AG,56.480433516018500,-2.973959485185260
1343447,DD49AH,56.480021603151000,-2.969191740233220
1343448,DD49AJ,56.482105566729900,-2.970397702396900
1343450,DD49AQ,56.480090391141900,-2.974178000988470
1343451,DD49AR,56.479050341739200,-2.967007627565850
1343452,DD49AS,56.479513015447200,-2.967587653591660
1343453,DD49AT,56.479374844506600,-2.965717012540210
1343454,DD49AU,56.478945038775900,-2.964374769095340
1343455,DD49AW,56.481528166788000,-2.966096451097870
1343456,DD49AX,56.479356729996100,-2.964580042622020
1343457,DD49AY,56.479714702381300,-2.962445972815070
1343458,DD49AZ,56.479708064419700,-2.964459068854910
1343459,DD49BA,56.480123412372500,-2.964193591082560
1343525,DD49BB,56.480496293110700,-2.965924100585840
1343526,DD49BD,56.479866249930100,-2.967223214313280
1343527,DD49BE,56.480278315729600,-2.967379824611920
1343529,DD49BG,56.480855737260400,-2.968222579862880
1343530,DD49BH,56.481126609408100,-2.966898076552620
1343531,DD49BJ,56.480440706162700,-2.963828203403660
1343532,DD49BL,56.480797997730700,-2.964097045589370
1343533,DD49BN,56.480434708754000,-2.959963810016290
1343534,DD49BP,56.480766567157400,-2.960037135944690
1343535,DD49BQ,56.480776663471000,-2.966840466403220
1343536,DD49BR,56.481225729480400,-2.963393480855940
1343537,DD49BS,56.481758145518400,-2.951440404527810
1343540,DD49BW,56.480065287634000,-2.960100606865850
1343251,DD49RE,56.478138261081000,-2.965295953830810
1343331,DD49RQ,56.478477604427200,-2.962089945620320
1343358,DD49XA,56.478141570471400,-2.968332046085210
1343359,DD49XB,56.478551613696200,-2.967595656229220
